SampleNumber	Tile	NumberOfReadsRaw	NumberOfReadsPF
4	1101	8183808	2980492
4	1102	8183808	2974416
4	1103	8183808	2997212
4	1104	8183808	2998365
4	1105	8183808	2985473
4	1106	8183808	2989600
4	1107	8183808	3000557
4	1108	8183808	3019723
4	1109	8183808	3012642
4	1110	8183808	3023819
4	1111	8183808	3022067
4	1112	8183808	3029887
4	1113	8183808	3050326
4	1114	8183808	3050585
4	1115	8183808	3055065
4	1116	8183808	3054607
4	1117	8183808	3060891
4	1118	8183808	3065685
4	1119	8183808	3072756
4	1120	8183808	3065160
4	1121	8183808	3072622
4	1122	8183808	3069675
4	1123	8183808	3070473
4	1124	8183808	3072394
4	1125	8183808	3077947
4	1126	8183808	3075299
4	1127	8183808	3077993
4	1128	8183808	3049947
4	1129	8183808	3064697
4	1130	8183808	3087490
4	1131	8183808	3100644
4	1132	8183808	3089589
4	1133	8183808	3088210
4	1134	8183808	3091514
4	1135	8183808	3087181
4	1136	8183808	3089262
4	1137	8183808	3089313
4	1138	8183808	3094105
4	1139	8183808	3088223
4	1140	8183808	3087031
4	1141	8183808	3096741
4	1142	8183808	3100516
4	1143	8183808	3103651
4	1144	8183808	3102078
4	1145	8183808	3105764
4	1146	8183808	3101042
4	1147	8183808	3104080
4	1148	8183808	3115244
4	1149	8183808	3108937
4	1150	8183808	3111052
4	1151	8183808	3108565
4	1152	8183808	3112094
4	1153	8183808	3102093
4	1154	8183808	3117950
4	1155	8183808	3122135
4	1156	8183808	3121973
4	1157	8183808	3119117
4	1158	8183808	3120058
4	1159	8183808	3123555
4	1160	8183808	3127342
4	1161	8183808	3126622
4	1162	8183808	3127801
4	1163	8183808	3135634
4	1164	8183808	3119578
4	1165	8183808	3128064
4	1166	8183808	3126952
4	1167	8183808	3124818
4	1168	8183808	3124233
4	1169	8183808	3132936
4	1170	8183808	3130355
4	1171	8183808	3137342
4	1172	8183808	3125736
4	1173	8183808	3129616
4	1174	8183808	3127263
4	1175	8183808	3132894
4	1176	8183808	3120872
4	1177	8183808	3117521
4	1178	8183808	3116742
4	1201	8183808	3023605
4	1202	8183808	3027374
4	1203	8183808	3026165
4	1204	8183808	3017843
4	1205	8183808	3025495
4	1206	8183808	3054556
4	1207	8183808	3021203
4	1208	8183808	3024729
4	1209	8183808	3031573
4	1210	8183808	3027483
4	1211	8183808	3032478
4	1212	8183808	3055537
4	1213	8183808	3044533
4	1214	8183808	3049584
4	1215	8183808	3056334
4	1216	8183808	3067052
4	1217	8183808	3071480
4	1218	8183808	3069715
4	1219	8183808	3076524
4	1220	8183808	3071092
4	1221	8183808	3099374
4	1222	8183808	3074872
4	1223	8183808	3081414
4	1224	8183808	3069309
4	1225	8183808	3076305
4	1226	8183808	3088329
4	1227	8183808	3070248
4	1228	8183808	3062349
4	1229	8183808	3057063
4	1230	8183808	3085846
4	1231	8183808	3084743
4	1232	8183808	3086157
4	1233	8183808	3092491
4	1234	8183808	3084698
4	1235	8183808	3068750
4	1236	8183808	3075567
4	1237	8183808	3064840
4	1238	8183808	3070826
4	1239	8183808	3077450
4	1240	8183808	3079779
4	1241	8183808	3083656
4	1242	8183808	3089752
4	1243	8183808	3090617
4	1244	8183808	3076606
4	1245	8183808	3078275
4	1246	8183808	3075206
4	1247	8183808	3089341
4	1248	8183808	3089274
4	1249	8183808	3093806
4	1250	8183808	3087163
4	1251	8183808	3086553
4	1252	8183808	3085896
4	1253	8183808	3089819
4	1254	8183808	3093996
4	1255	8183808	3090677
4	1256	8183808	3079749
4	1257	8183808	3076523
4	1258	8183808	3083913
4	1259	8183808	3087512
4	1260	8183808	3087253
4	1261	8183808	3088526
4	1262	8183808	3094511
4	1263	8183808	3098975
4	1264	8183808	3082899
4	1265	8183808	3080519
4	1266	8183808	3083524
4	1267	8183808	3088200
4	1268	8183808	3076502
4	1269	8183808	3086038
4	1270	8183808	3082735
4	1271	8183808	3079090
4	1272	8183808	3091285
4	1273	8183808	3084881
4	1274	8183808	3077539
4	1275	8183808	3078282
4	1276	8183808	3066394
4	1277	8183808	3071203
4	1278	8183808	3070319
4	1301	8183808	3102905
4	1302	8183808	3093860
4	1303	8183808	3094506
4	1304	8183808	3099487
4	1305	8183808	3097635
4	1306	8183808	3076702
4	1307	8183808	3083314
4	1308	8183808	3090334
4	1309	8183808	3099398
4	1310	8183808	3110290
4	1311	8183808	3107124
4	1312	8183808	3107597
4	1313	8183808	3102698
4	1314	8183808	3119911
4	1315	8183808	3129639
4	1316	8183808	3128238
4	1317	8183808	3137885
4	1318	8183808	3136314
4	1319	8183808	3153595
4	1320	8183808	3140551
4	1321	8183808	3149155
4	1322	8183808	3150252
4	1323	8183808	3137417
4	1324	8183808	3151777
4	1325	8183808	3157410
4	1326	8183808	3154974
4	1327	8183808	3158269
4	1328	8183808	3147996
4	1329	8183808	3143989
4	1330	8183808	3159940
4	1331	8183808	3179370
4	1332	8183808	3183931
4	1333	8183808	3180170
4	1334	8183808	3167897
4	1335	8183808	3169703
4	1336	8183808	3160107
4	1337	8183808	3157790
4	1338	8183808	3160758
4	1339	8183808	3167083
4	1340	8183808	3155055
4	1341	8183808	3156215
4	1342	8183808	3163546
4	1343	8183808	3159985
4	1344	8183808	3154053
4	1345	8183808	3169505
4	1346	8183808	3118552
4	1347	8183808	3164924
4	1348	8183808	3175613
4	1349	8183808	3177584
4	1350	8183808	3172769
4	1351	8183808	3168688
4	1352	8183808	3165547
4	1353	8183808	3175311
4	1354	8183808	3155728
4	1355	8183808	3160739
4	1356	8183808	3162166
4	1357	8183808	3164673
4	1358	8183808	3178358
4	1359	8183808	3153953
4	1360	8183808	3154168
4	1361	8183808	3155965
4	1362	8183808	3166512
4	1363	8183808	3165597
4	1364	8183808	3157607
4	1365	8183808	3150208
4	1366	8183808	3149804
4	1367	8183808	3162578
4	1368	8183808	3149797
4	1369	8183808	3145799
4	1370	8183808	3147231
4	1371	8183808	3158251
4	1372	8183808	3155624
4	1373	8183808	3157016
4	1374	8183808	3153551
4	1375	8183808	3150518
4	1376	8183808	3141179
4	1377	8183808	3147712
4	1378	8183808	3151072
4	1401	8183808	3047476
4	1402	8183808	3062199
4	1403	8183808	3061514
4	1404	8183808	3044870
4	1405	8183808	3057085
4	1406	8183808	3072582
4	1407	8183808	3082987
4	1408	8183808	3082880
4	1409	8183808	3092645
4	1410	8183808	3096847
4	1411	8183808	3090352
4	1412	8183808	3098698
4	1413	8183808	3105514
4	1414	8183808	3109773
4	1415	8183808	3105544
4	1416	8183808	3111338
4	1417	8183808	3115304
4	1418	8183808	3134691
4	1419	8183808	3135356
4	1420	8183808	3143707
4	1421	8183808	3149631
4	1422	8183808	3152160
4	1423	8183808	3139015
4	1424	8183808	3161356
4	1425	8183808	3150575
4	1426	8183808	3146573
4	1427	8183808	3156311
4	1428	8183808	3158662
4	1429	8183808	3146030
4	1430	8183808	3144461
4	1431	8183808	3175594
4	1432	8183808	3172274
4	1433	8183808	3164488
4	1434	8183808	3166125
4	1435	8183808	3157919
4	1436	8183808	3149532
4	1437	8183808	3152569
4	1438	8183808	3149095
4	1439	8183808	3147594
4	1440	8183808	3148389
4	1441	8183808	3147717
4	1442	8183808	3138663
4	1443	8183808	3139465
4	1444	8183808	3137162
4	1445	8183808	3141973
4	1446	8183808	3140593
4	1447	8183808	3147188
4	1448	8183808	3153857
4	1449	8183808	3163642
4	1450	8183808	3164610
4	1451	8183808	3176145
4	1452	8183808	3160973
4	1453	8183808	3154615
4	1454	8183808	3153478
4	1455	8183808	3144946
4	1456	8183808	3150272
4	1457	8183808	3150071
4	1458	8183808	3161899
4	1459	8183808	3145500
4	1460	8183808	3163245
4	1461	8183808	3165526
4	1462	8183808	3175662
4	1463	8183808	3173239
4	1464	8183808	3173611
4	1465	8183808	3165355
4	1466	8183808	3160687
4	1467	8183808	3161120
4	1468	8183808	3160999
4	1469	8183808	3155683
4	1470	8183808	3160313
4	1471	8183808	3162414
4	1472	8183808	3163119
4	1473	8183808	3165409
4	1474	8183808	3161050
4	1475	8183808	3146633
4	1476	8183808	3150375
4	1477	8183808	3151453
4	1478	8183808	3154194
4	1501	8183808	3035221
4	1502	8183808	3039510
4	1503	8183808	3042648
4	1504	8183808	3051275
4	1505	8183808	3038302
4	1506	8183808	3067181
4	1507	8183808	3074551
4	1508	8183808	3068669
4	1509	8183808	3066865
4	1510	8183808	3075720
4	1511	8183808	3075868
4	1512	8183808	3079551
4	1513	8183808	3079908
4	1514	8183808	3087594
4	1515	8183808	3087071
4	1516	8183808	3085508
4	1517	8183808	3087565
4	1518	8183808	3105970
4	1519	8183808	3104415
4	1520	8183808	3110839
4	1521	8183808	3124598
4	1522	8183808	3117558
4	1523	8183808	3106060
4	1524	8183808	3112655
4	1525	8183808	3115764
4	1526	8183808	3104444
4	1527	8183808	3114992
4	1528	8183808	3118470
4	1529	8183808	3105621
4	1530	8183808	3099192
4	1531	8183808	3130752
4	1532	8183808	3138578
4	1533	8183808	3131473
4	1534	8183808	3110879
4	1535	8183808	3114966
4	1536	8183808	3110125
4	1537	8183808	3081519
4	1538	8183808	3088650
4	1539	8183808	3109690
4	1540	8183808	3099177
4	1541	8183808	3101454
4	1542	8183808	3102855
4	1543	8183808	3108748
4	1544	8183808	3092611
4	1545	8183808	3119081
4	1546	8183808	3091290
4	1547	8183808	3115129
4	1548	8183808	3119926
4	1549	8183808	3106463
4	1550	8183808	3116644
4	1551	8183808	3116585
4	1552	8183808	3104037
4	1553	8183808	3091467
4	1554	8183808	3091289
4	1555	8183808	3097433
4	1556	8183808	3116078
4	1557	8183808	3117622
4	1558	8183808	3112032
4	1559	8183808	3113167
4	1560	8183808	3127972
4	1561	8183808	3130919
4	1562	8183808	3127552
4	1563	8183808	3125540
4	1564	8183808	3119417
4	1565	8183808	3116129
4	1566	8183808	3119512
4	1567	8183808	3111209
4	1568	8183808	3112016
4	1569	8183808	3099575
4	1570	8183808	3106539
4	1571	8183808	3097191
4	1572	8183808	3098872
4	1573	8183808	3118241
4	1574	8183808	3118398
4	1575	8183808	3102214
4	1576	8183808	3094312
4	1577	8183808	3084721
4	1578	8183808	3090177
4	1601	8183808	2972100
4	1602	8183808	2956481
4	1603	8183808	2962820
4	1604	8183808	2975555
4	1605	8183808	2965626
4	1606	8183808	2981431
4	1607	8183808	2989888
4	1608	8183808	2986901
4	1609	8183808	2996895
4	1610	8183808	2998199
4	1611	8183808	2992053
4	1612	8183808	2999933
4	1613	8183808	3006712
4	1614	8183808	2998449
4	1615	8183808	2989227
4	1616	8183808	3002298
4	1617	8183808	3010462
4	1618	8183808	3026499
4	1619	8183808	3021435
4	1620	8183808	3033199
4	1621	8183808	3035134
4	1622	8183808	3044708
4	1623	8183808	3048338
4	1624	8183808	3043384
4	1625	8183808	3043341
4	1626	8183808	3046080
4	1627	8183808	3038355
4	1628	8183808	3049760
4	1629	8183808	3046233
4	1630	8183808	3025796
4	1631	8183808	3045415
4	1632	8183808	3065962
4	1633	8183808	3060704
4	1634	8183808	3059563
4	1635	8183808	3051953
4	1636	8183808	3034031
4	1637	8183808	3042387
4	1638	8183808	3039623
4	1639	8183808	3031055
4	1640	8183808	3023448
4	1641	8183808	3017650
4	1642	8183808	3021973
4	1643	8183808	3033411
4	1644	8183808	3032604
4	1645	8183808	3022214
4	1646	8183808	3033995
4	1647	8183808	3035797
4	1648	8183808	3049699
4	1649	8183808	3052019
4	1650	8183808	3067144
4	1651	8183808	3036185
4	1652	8183808	3046442
4	1653	8183808	3039323
4	1654	8183808	3034247
4	1655	8183808	3024735
4	1656	8183808	3032554
4	1657	8183808	3053404
4	1658	8183808	3054376
4	1659	8183808	3057028
4	1660	8183808	3050409
4	1661	8183808	3057746
4	1662	8183808	3063764
4	1663	8183808	3057580
4	1664	8183808	3043015
4	1665	8183808	3065929
4	1666	8183808	3073504
4	1667	8183808	3063553
4	1668	8183808	3059279
4	1669	8183808	3063383
4	1670	8183808	3060982
4	1671	8183808	3060145
4	1672	8183808	3063947
4	1673	8183808	3069502
4	1674	8183808	3069699
4	1675	8183808	3064430
4	1676	8183808	3061390
4	1677	8183808	3052557
4	1678	8183808	3044015
4	2101	8183808	2924644
4	2102	8183808	2923384
4	2103	8183808	2936649
4	2104	8183808	2934317
4	2105	8183808	2936365
4	2106	8183808	2933489
4	2107	8183808	2929224
4	2108	8183808	2941185
4	2109	8183808	2914858
4	2110	8183808	2931757
4	2111	8183808	2923996
4	2112	8183808	2922144
4	2113	8183808	2910555
4	2114	8183808	2928312
4	2115	8183808	2929807
4	2116	8183808	2922044
4	2117	8183808	2938578
4	2118	8183808	2948419
4	2119	8183808	2959832
4	2120	8183808	2958398
4	2121	8183808	2955970
4	2122	8183808	2961921
4	2123	8183808	2962788
4	2124	8183808	2958176
4	2125	8183808	2969264
4	2126	8183808	2981721
4	2127	8183808	2959561
4	2128	8183808	2969909
4	2129	8183808	2957619
4	2130	8183808	2957771
4	2131	8183808	2962341
4	2132	8183808	2953571
4	2133	8183808	2950814
4	2134	8183808	2960872
4	2135	8183808	2952167
4	2136	8183808	2948522
4	2137	8183808	2960843
4	2138	8183808	2981743
4	2139	8183808	2969155
4	2140	8183808	2965009
4	2141	8183808	2967962
4	2142	8183808	2979234
4	2143	8183808	2980244
4	2144	8183808	2986745
4	2145	8183808	2996393
4	2146	8183808	2976992
4	2147	8183808	2991959
4	2148	8183808	2990544
4	2149	8183808	2989558
4	2150	8183808	2975311
4	2151	8183808	2994931
4	2152	8183808	3001179
4	2153	8183808	2978467
4	2154	8183808	2978639
4	2155	8183808	2987469
4	2156	8183808	2968369
4	2157	8183808	2984242
4	2158	8183808	2956981
4	2159	8183808	2961206
4	2160	8183808	2981882
4	2161	8183808	2976121
4	2162	8183808	2971584
4	2163	8183808	2976379
4	2164	8183808	2984299
4	2165	8183808	2961768
4	2166	8183808	2971838
4	2167	8183808	2971980
4	2168	8183808	2959198
4	2169	8183808	2963289
4	2170	8183808	2950956
4	2171	8183808	2944029
4	2172	8183808	2951154
4	2173	8183808	2944648
4	2174	8183808	2950630
4	2175	8183808	2945806
4	2176	8183808	2958235
4	2177	8183808	2947020
4	2178	8183808	2942286
4	2201	8183808	3004006
4	2202	8183808	3003113
4	2203	8183808	3003643
4	2204	8183808	3010229
4	2205	8183808	2995931
4	2206	8183808	2999904
4	2207	8183808	3008162
4	2208	8183808	2995265
4	2209	8183808	3005409
4	2210	8183808	3001814
4	2211	8183808	2997196
4	2212	8183808	3007784
4	2213	8183808	3010048
4	2214	8183808	2992526
4	2215	8183808	3018361
4	2216	8183808	3004738
4	2217	8183808	3024215
4	2218	8183808	3034281
4	2219	8183808	3046495
4	2220	8183808	3040152
4	2221	8183808	3046967
4	2222	8183808	3047536
4	2223	8183808	3036686
4	2224	8183808	3035865
4	2225	8183808	3041920
4	2226	8183808	3042909
4	2227	8183808	3034239
4	2228	8183808	3032372
4	2229	8183808	3030972
4	2230	8183808	3030477
4	2231	8183808	3030316
4	2232	8183808	3038404
4	2233	8183808	3039609
4	2234	8183808	3026311
4	2235	8183808	3029826
4	2236	8183808	3022950
4	2237	8183808	3037091
4	2238	8183808	3049412
4	2239	8183808	3045216
4	2240	8183808	3023074
4	2241	8183808	3024270
4	2242	8183808	3037283
4	2243	8183808	3051169
4	2244	8183808	3031331
4	2245	8183808	3032890
4	2246	8183808	3034488
4	2247	8183808	3031921
4	2248	8183808	3029883
4	2249	8183808	3024409
4	2250	8183808	3024268
4	2251	8183808	3029085
4	2252	8183808	3009167
4	2253	8183808	3011724
4	2254	8183808	3006768
4	2255	8183808	3001709
4	2256	8183808	3003205
4	2257	8183808	2995104
4	2258	8183808	3021694
4	2259	8183808	3017966
4	2260	8183808	3017553
4	2261	8183808	3007486
4	2262	8183808	3009298
4	2263	8183808	3009285
4	2264	8183808	3013783
4	2265	8183808	3009452
4	2266	8183808	3006260
4	2267	8183808	3006092
4	2268	8183808	3001586
4	2269	8183808	2984468
4	2270	8183808	3005017
4	2271	8183808	2992490
4	2272	8183808	2988368
4	2273	8183808	2985035
4	2274	8183808	2979387
4	2275	8183808	2983578
4	2276	8183808	2978047
4	2277	8183808	2981134
4	2278	8183808	2974533
4	2301	8183808	3056316
4	2302	8183808	3070416
4	2303	8183808	3049867
4	2304	8183808	3058713
4	2305	8183808	3059322
4	2306	8183808	3044838
4	2307	8183808	3046361
4	2308	8183808	3046431
4	2309	8183808	3045154
4	2310	8183808	3045778
4	2311	8183808	3040689
4	2312	8183808	3055844
4	2313	8183808	3042867
4	2314	8183808	3054148
4	2315	8183808	3060329
4	2316	8183808	3057026
4	2317	8183808	3054700
4	2318	8183808	3073225
4	2319	8183808	3082858
4	2320	8183808	3087295
4	2321	8183808	3086457
4	2322	8183808	3089487
4	2323	8183808	3101533
4	2324	8183808	3085888
4	2325	8183808	3089351
4	2326	8183808	3096447
4	2327	8183808	3075458
4	2328	8183808	3078253
4	2329	8183808	3081892
4	2330	8183808	3083087
4	2331	8183808	3076768
4	2332	8183808	3087242
4	2333	8183808	3097808
4	2334	8183808	3083207
4	2335	8183808	3077000
4	2336	8183808	3074761
4	2337	8183808	3092710
4	2338	8183808	3092013
4	2339	8183808	3100954
4	2340	8183808	3075225
4	2341	8183808	3072732
4	2342	8183808	3068161
4	2343	8183808	3073409
4	2344	8183808	3070566
4	2345	8183808	3075108
4	2346	8183808	3062134
4	2347	8183808	3055068
4	2348	8183808	3078696
4	2349	8183808	3073098
4	2350	8183808	3067227
4	2351	8183808	3060158
4	2352	8183808	3065695
4	2353	8183808	3055481
4	2354	8183808	3059724
4	2355	8183808	3064635
4	2356	8183808	3059893
4	2357	8183808	3046706
4	2358	8183808	3055672
4	2359	8183808	3057196
4	2360	8183808	3061556
4	2361	8183808	3046813
4	2362	8183808	3050015
4	2363	8183808	3058229
4	2364	8183808	3030293
4	2365	8183808	3036949
4	2366	8183808	3041577
4	2367	8183808	3032379
4	2368	8183808	3035092
4	2369	8183808	3040775
4	2370	8183808	3022753
4	2371	8183808	3005459
4	2372	8183808	3011207
4	2373	8183808	3025875
4	2374	8183808	3015968
4	2375	8183808	3016065
4	2376	8183808	3016320
4	2377	8183808	3011655
4	2378	8183808	3011973
4	2401	8183808	3058899
4	2402	8183808	3022834
4	2403	8183808	3049181
4	2404	8183808	3056483
4	2405	8183808	3048272
4	2406	8183808	3049900
4	2407	8183808	3058355
4	2408	8183808	3047941
4	2409	8183808	3055759
4	2410	8183808	3057621
4	2411	8183808	3057729
4	2412	8183808	3065714
4	2413	8183808	3057443
4	2414	8183808	3052048
4	2415	8183808	3058541
4	2416	8183808	3073296
4	2417	8183808	3081757
4	2418	8183808	3086627
4	2419	8183808	3098210
4	2420	8183808	3111799
4	2421	8183808	3103798
4	2422	8183808	3095832
4	2423	8183808	3109839
4	2424	8183808	3107190
4	2425	8183808	3103104
4	2426	8183808	3094851
4	2427	8183808	3105778
4	2428	8183808	3104738
4	2429	8183808	3086122
4	2430	8183808	3098258
4	2431	8183808	3103601
4	2432	8183808	3108024
4	2433	8183808	3104163
4	2434	8183808	3100069
4	2435	8183808	3095794
4	2436	8183808	3079645
4	2437	8183808	3108573
4	2438	8183808	3119149
4	2439	8183808	3104974
4	2440	8183808	3099560
4	2441	8183808	3096814
4	2442	8183808	3085897
4	2443	8183808	3084274
4	2444	8183808	3076465
4	2445	8183808	3076512
4	2446	8183808	3075797
4	2447	8183808	3084593
4	2448	8183808	3079212
4	2449	8183808	3084614
4	2450	8183808	3079191
4	2451	8183808	3085543
4	2452	8183808	3063421
4	2453	8183808	3059851
4	2454	8183808	3064146
4	2455	8183808	3069205
4	2456	8183808	3065513
4	2457	8183808	3056718
4	2458	8183808	3074210
4	2459	8183808	3072634
4	2460	8183808	3069176
4	2461	8183808	3076330
4	2462	8183808	3080499
4	2463	8183808	3070655
4	2464	8183808	3052932
4	2465	8183808	3065277
4	2466	8183808	3071810
4	2467	8183808	3064609
4	2468	8183808	3069576
4	2469	8183808	3053268
4	2470	8183808	3053831
4	2471	8183808	3050748
4	2472	8183808	3049291
4	2473	8183808	3048527
4	2474	8183808	3053732
4	2475	8183808	3048965
4	2476	8183808	3049908
4	2477	8183808	3045410
4	2478	8183808	3046505
4	2501	8183808	3020997
4	2502	8183808	3019156
4	2503	8183808	3012655
4	2504	8183808	3032772
4	2505	8183808	3034844
4	2506	8183808	3030125
4	2507	8183808	3021664
4	2508	8183808	3030861
4	2509	8183808	3013080
4	2510	8183808	3025115
4	2511	8183808	3035109
4	2512	8183808	3030888
4	2513	8183808	3026642
4	2514	8183808	3024699
4	2515	8183808	3037466
4	2516	8183808	3042636
4	2517	8183808	3046850
4	2518	8183808	3048826
4	2519	8183808	3059547
4	2520	8183808	3069886
4	2521	8183808	3081192
4	2522	8183808	3077895
4	2523	8183808	3052337
4	2524	8183808	3087940
4	2525	8183808	3069647
4	2526	8183808	3059735
4	2527	8183808	3066595
4	2528	8183808	3073759
4	2529	8183808	3066222
4	2530	8183808	3065094
4	2531	8183808	3061609
4	2532	8183808	3074112
4	2533	8183808	3075477
4	2534	8183808	3067974
4	2535	8183808	3064084
4	2536	8183808	3053930
4	2537	8183808	3058524
4	2538	8183808	3071267
4	2539	8183808	3059162
4	2540	8183808	3058943
4	2541	8183808	3043939
4	2542	8183808	3040617
4	2543	8183808	3038597
4	2544	8183808	3040829
4	2545	8183808	3045822
4	2546	8183808	3041966
4	2547	8183808	3050138
4	2548	8183808	3048955
4	2549	8183808	3050153
4	2550	8183808	3049225
4	2551	8183808	3057689
4	2552	8183808	3049503
4	2553	8183808	3044356
4	2554	8183808	3046184
4	2555	8183808	3052752
4	2556	8183808	3038413
4	2557	8183808	3026106
4	2558	8183808	3021447
4	2559	8183808	3027712
4	2560	8183808	3027710
4	2561	8183808	3028886
4	2562	8183808	3042173
4	2563	8183808	3034568
4	2564	8183808	3031545
4	2565	8183808	3010439
4	2566	8183808	3049184
4	2567	8183808	3037619
4	2568	8183808	3037305
4	2569	8183808	3029348
4	2570	8183808	3027346
4	2571	8183808	3025591
4	2572	8183808	3017285
4	2573	8183808	3015290
4	2574	8183808	3014816
4	2575	8183808	3005768
4	2576	8183808	3011581
4	2577	8183808	3001456
4	2578	8183808	3004724
4	2601	8183808	2974341
4	2602	8183808	2984621
4	2603	8183808	2979193
4	2604	8183808	2971607
4	2605	8183808	2963344
4	2606	8183808	2969067
4	2607	8183808	2986598
4	2608	8183808	2984042
4	2609	8183808	2983096
4	2610	8183808	2977757
4	2611	8183808	2977632
4	2612	8183808	2983269
4	2613	8183808	2993101
4	2614	8183808	2995995
4	2615	8183808	2999851
4	2616	8183808	2992577
4	2617	8183808	3000776
4	2618	8183808	3014100
4	2619	8183808	3019773
4	2620	8183808	3026911
4	2621	8183808	3029731
4	2622	8183808	3044258
4	2623	8183808	3038310
4	2624	8183808	3051330
4	2625	8183808	3045851
4	2626	8183808	3041889
4	2627	8183808	3044342
4	2628	8183808	3034542
4	2629	8183808	3050988
4	2630	8183808	3042253
4	2631	8183808	3045327
4	2632	8183808	3049595
4	2633	8183808	3052727
4	2634	8183808	3051252
4	2635	8183808	3040572
4	2636	8183808	3037738
4	2637	8183808	3046713
4	2638	8183808	3044740
4	2639	8183808	3035928
4	2640	8183808	3039325
4	2641	8183808	3039377
4	2642	8183808	3037154
4	2643	8183808	3040627
4	2644	8183808	3041513
4	2645	8183808	3041704
4	2646	8183808	3038851
4	2647	8183808	3040200
4	2648	8183808	3038745
4	2649	8183808	3040395
4	2650	8183808	3045597
4	2651	8183808	3039758
4	2652	8183808	3045054
4	2653	8183808	3031998
4	2654	8183808	3036535
4	2655	8183808	3029315
4	2656	8183808	3030923
4	2657	8183808	3003270
4	2658	8183808	2997981
4	2659	8183808	3010772
4	2660	8183808	3027206
4	2661	8183808	3039817
4	2662	8183808	3031286
4	2663	8183808	3046578
4	2664	8183808	3031676
4	2665	8183808	3044531
4	2666	8183808	3058371
4	2667	8183808	3045839
4	2668	8183808	3033062
4	2669	8183808	3050713
4	2670	8183808	3042960
4	2671	8183808	3034909
4	2672	8183808	3038656
4	2673	8183808	3041108
4	2674	8183808	3042461
4	2675	8183808	3039963
4	2676	8183808	3035700
4	2677	8183808	3033199
4	2678	8183808	3027980
